15
18
19
20
18
26
18
18
23
16
15
19
19
21
18
22
20
24
21
19
18
21
18
17
15
22
22
20
19
16
18
23
26
19
22
19
17
23
26
21
20
16
19
20
28
23
15
18
22
19
16
15
15
24
24
25
25
18
26
22
18
24
21
22
20
17
16
9
22
21
17
15
18
14
19
13
18
17
21
20
22
18
20
18
16
21
19
19
22
26
20
22
21
15
21
22
24
20
21
21
23
20
26
18
23
23
22
18
18
17
21
23
15
23
22
21
19
19
16
25
15
21
17
22
27
20
22
23
16
25
15
21
23
22
21
22
20
19
14
20
24
18
21
16
18
21
20
18
20
25
19
17
21
21
20
23
23
17
18
18
22
18
25
24
21
18
18
23
24
24
18
6
20
20
22
17
17
20
21
18
20
21
18
22
25
16
14
26
24
16
14
18
17
27
20
19
15
15
17
22
20
18
21
16
23
21
17
17
15
18
18
25
22
17
19
30
20
25
15
15
20
25
26
17
23
21
19
20
16
20
15
21
18
20
19
17
20
20
21
19
22
26
17
16
18
25
18
19
17
19
16
20
21
19
15
22
23
19
23
22
20
20
26
19
20
14
13
22
20
15
25
16
19
19
20
20
10
17
22
20
18
21
17
20
16
18
18
23
17
17
25
20
23
21
26
23
13
16
15
24
21
25
24
23
21
18
22
22
22
21
21
19
22
17
16
25
18
20
19
19
24
25
19
19
28
18
24
20
15
29
15
15
24
23
22
20
23
21
17
22
19
25
20
21
21
19
18
22
20
20
21
19
23
24
23
21
17
21
24
19
17
26
24
19
22
19
17
25
22
21
18
16
19
23
16
14
15
17
28
21
13
23
22
24
17
27
20
21
23
25
26
18
22
16
21
22
25
21
18
19
19
23
17
18
24
22
15
20
23
23
16
19
24
26
17
27
24
25
15
15
21
25
22
21
21
16
23
19
21
24
21
19
16
20
17
20
20
18
24
22
19
17
23
20
27
22
21
23
17
15
19
18
19
17
16
21
18
20
18
23
16
17
22
17
16
20
27
20
21
13
22
26
21
21
19
19
20
16
18
14
18
19
23
23
20
18
17
21
25
15
22
19
22
18
16
12
18
23
20
19
20
14
21
24
17
22
19
22
23
22
18
17
23
17
22
22
18
15
21
18
20
18
20
26
20
21
19
17
19
20
23
15
23
19
19
25
21
24
16
22
16
27
21
21
18
19
20
17
19
17
14
17
18
19
21
19
18
25
18
24
20
11
16
20
16
16
22
19
22
12
20
21
18
22
23
25
25
18
18
21
20
22
23
20
16
23
22
19
18
24
26
13
16
24
26
18
21
26
23
21
25
24
21
20
21
23
25
21
18
18
18
22
19
22
22
22
22
18
23
23
22
20
21
22
16
19
23
12
16
19
17
23
28
20
13
18
22
17
25
15
19
17
25
20
19
18
23
22
25
16
18
19
21
15
20
12
18
27
17
18
23
17
19
16
21
25
22
22
18
21
18
20
18
19
17
19
19
19
20
17
23
17
15
21
21
19
19
21
17
14
20
20
23
24
21
21
19
23
19
23
19
19
21
18
19
17
22
18
20
21
17
16
19
24
21
17
17
25
19
15
17
23
17
20
21
25
20
21
16
17
22
15
22
18
21
23
25
20
15
19
19
17
28
24
16
22
20
25
16
23
21
20
21
19
19
18
21
20
21
19
16
18
24
26
21
20
25
21
18
23
19
17
18
17
16
22
20
20
24
15
19
20
18
21
21
18
23
21
22
22
20
23
13
21
21
24
13
23
24
21
15
19
19
25
19
19
22
18
23
18
16
25
24
19
25
18
22
19
14
17
24
20
19
22
20
20
18
12
20
16
21
22
21
23
19
21
18
21
16
23
28
21
20
17
20
22
22
19
26
21
27
24
20
18
27
17
24
22
18
24
21
19
13
26
20
16
19
18
20
27
22
21
23
25
21
24
21
22
22
24
16
19
21
22
19
22
18
14
23
19
19
22
22
21
24
18
20
25
16
24
23
17
18
16
19
20
17
20
11
16
17
21
24
21
19
14
23
24
28
22
22
14
18
20
22
16
21
21
23
20
19
21
15
20
23
17
21
20
23
16
19
22
14
26
20
16
19
17
24
16
26
25
21
17
25
24
18
20
17
24
27
14
24
19
21
21
15
21
13
20
24
23
20
21
20
24
15
17
10
15
21
23
22
22
27
17
21
20
23
19
22
24
14
19
20
21
20
18
21
17
